200

011100
101101
000001
100011
001010
011111
011100
001000
100011
000010
010100
010001
011000
000100
011101

111011010001111
010110001010011
001110101101000
100101100110110
011110100110111

01010000101001
10111001110111
10110111001110
00110101110110
10110010110011
10111001100111
11100010001101
01110001010010
10001110010011
00101100101100
01100010011011
00111011001110
01001010110000
00110011011110
10001110010000
10000100011101
00110111000111
01000111001011
10101110011110

000101101001110010
000010010110011010
100100101001011110
010110101101001001
001010000100010110

000101000
011110011
101001001
000001011
011100010
011010011
001111001
110001110
000010100
100000110
001010011
001100000
100010110
111100010
111001011
111110111
001010101

101
000
011
111
001
100
000
100
011
001
011
011
011
110
110
000

0100111000
1000111011
1101001010
0110101010
1101101110
0101001011
1000000000
0101000010
1001001001

10101
00111
01001
10000
00001
11011
11111
01000
11010
00011
10110
00111
11001
01101
00110
11000
01011
11111
00011
01110
01011
11001
00011

110
101
101
010

00110011010011
00001101011000
10110100100101
00011110111100
10100101110110

000000100110000100
111100111011110000
001110011111011011
001100010010101010
010110111010001000
110000000110001001
110110001010011101
011000110011111100
100010111011001010
001101011000111001
011111100111100111
010101000011011110
110110100001101101
101111010011000011
000000111101011011
101101101111100000
000010011000100001

0111
0100
0010
0100
0010
0010
1000
1011
1101
1010
1110
0001
1010

0000
1111
0010
1010

11110110001
00110000010
10001011101
10100000101
00001001001
01011111011
11011100000
11000001001
10100101001
01010110010
11110000000
11101000110
00101010000

0011101011010001010100010
0010101101001001100111101
1000110011001110011001011
0100110111110100110001000
1100110111101000010100000
1101011110111101100111110
0001000111001110100111101
0101010000011100010101000

11010011
11111111
10011111
01011100
11000011
10110101
10001111
10111001
00010101
00101011
01111111
00011111
00100001
11000000
11001000
01110110
01101101
10110110
00100010
10000101
01011001
00010001
00001100
00101111

101110011000
111000000111
010000000011
000001110111
000110101000
100110011010
010110010011
110101111110
100100101000
110101101101
010101100111
111101100000
100111100001
110101100100
010010000000
100101110000
010100010110
011100010110
110010101101

110000001101110110010
011110011001111110011
100110100110110011000
101111001110100010011
001001000001011110011
001010111110001110000

0110101101111111
0110010011100001
0100001000110001

1101111110001110110011
1001001001001111110010
1110111001011010000100
0100000100010001101000
1010011000011000010010
0111101100000010100110
0000111000110001000001
1011110110000011110011
1010111101000110110011
0011101100110111101100
1011100011111011001011
1111111010010010111111
0110000011010000110000
0101111000100010001010
1001110001011001100001
0001011010100110000001
1100000100111100001101
0101011101000100111000
1001101011010011111110
0010110100010000000011
0010100001100100100011
1000110000111001001001

011101101
101101110
010010101
011011001
100001000

11000111111
10001100111
01000000101
01110000111
00011111010
01010101001
10110010101
01111111011
01010110111
00110110000
10110110100

01001110101001011
00101100001101010
01000111100110111
10100011001000001
11111100010100000

001110
000101
010101
010011
001100
010100
111100
011100
111101
001011
111111
100110

000
000
101
000
000
011
100
110
100
101
000
110
010
110
100
001
101
010
000
000
101
111
100
011
010

001
010
100
111
111
011
011
000
110
110
111
000
100
011

110000
110011
001100
000011
110110
110101
101110
100101
001100
011101
100110
000001

111000111101
110011000001
101110111001
101111001101
001101011101
000111000111

001001100
001011100
101010110
000001101
011010110
100010111
100110001
110110010
000010000

01000001011001001
01001010110110010
10010011011000110
11010011001011110
10000110001000110
00010100101001101
11110101001100010
00111101100101001

100010001000010100
100111000011110001
101011011000111011
001010100111100110
001010101000001011
001101100000110100
101011111010110010
111011101111011001
001111011010111101
100111111001001000
101111110100110010
001110110010011010
100010110010010110
111100100010011101
010000110111101001

00101
01010
10111
10000
10001
00000

00111000011010101000011
01000011011110110101100
10111011100011100000111
10100111001110001101110
00111111101001100110000
00011100000110110111010
01110011010010110000011
11010111100111000011101

100100011
011110000
100001010
000001001
111100100
110001000
101000010
111010101
110000111
011111110
001111000
001110100
011100011
111000111
010011011
001010101
101000001
010001111
001011101
001110110
111011110
000001000
100011011
100111110
100110001

000110001001
000010100111
100100000100

010
010
001
000
000
110
001
011
101
111
100
010
000
000
011
001

10000010010010
10110010000001
10010000101101
01001011100011
00101111010011
10010011001001
00010101001101
10101011111001
00011111001011
00010110100111
11100001100001
11011011100110
00111011000011
01100100110010
01110001011000
11000101111111
11100010010011
00001000000010

01010001111110010001001
10011100111110001011101
11100100111111000110100
11110111101100001100010
11111010000001100000100
10001101001010111110010
01000101011001000011000
01111111011010101111100
01100100100000000000011
11100001110100110111111
00001001010111101011011
11000001101001110000011
11101010100010001100100
10110111001010000000101
00100000110010001101010
10001000001110011100101
10011100000011011011100
11010000001100010101110
10110001110001011011010
10100011011111111110001
11000010000001100100011
10010100111011100111011
10110111111000100010001
00011111001101100011100

0111000111110011110
0011100010100110110
1111110000000111101
1000001100001110101
0101001100110111000
0100100111110100110
1010011100101000110
1111001100001001110
1011001101001100000
0110001011001100111
0010001001111000011
1000001011100000010
0100110001001100010
1000101100000011111

001110
111110
000110
101000
001110
000110
101111
110110
011100

00010110110010111
00011101011101100
01101100010100101
11101011111111001
10000101000000110
10001001110010101
10001110111010000
00001001100010001
01011001101000000
00001001111101010
01110100001000000
11100010100110100
11111010101011101
11000110100111101
11110011010010101
10101110010101111

111011111111100
011111010011001
110101110101011
111001101111110
111110011000100
101001100011110
011010011101000
110011111100101
101011001100000
001001010101101
100011011111001
101101110100111
011101101101000
111011000010010
010111100100110
111110001110111
010011011011111

000101101111001
101000000001110
110000111000101
001000100101000
110110100010110
101101010100100
010110110001011
011000010101010
101011011000011
011001111101111
110010110110100
101010001101001
101000111010010
010001001001111
111010110100111
001010011100110
110000101101001
101101011101010
110011001000001
011001010100110
111001101011101
011000010111010

0011000
1000011
0011101
1110100
1001001
0101000
0001100
0011100
1000010
1011110
1011011
1111110
1100110
1011001
0000001
0011000
1010010
1000101
0011100
0001100
0110011
0111110
1110000
1100001

10010101011001011110
10001100100100111010
01110001011001110010
01101110100110110010
10000000011101101100
01000000101101010101
01100000110110011100
00110110000001111011
01011110111101011111
11000001101000101111
01111001101111101101
10101010001010011000
01000100000100101111
00111001000111110101
11101010011101100011
01010110000001110010
00000101011000101101

001001101010011111
100010010100010011
110001110101111001
011110001001010111
101111001100000100
011100000110110101
001111110000011001
110011101010011110
000101110001000010
010111101000001110
010000011110101001
001010111011000000
111101011011000000
100100001000010100
011011100110100101
011111111000110110
101101101110100111
000011010100001000
010101000100110010
000000000011101011
111110011110110001
011100100110110001

010011
000011
100101
111111
010101
111101
110010
011110
010010
110110
101111
001110
100001
011100
111011
101110

00010011010000001101
11000010111110000111
10100101111111000110

111110101001110100
110100100111010001
010111011011101101
000000111010011100
000010000110001000
000110011000110000
100011111010100110
111010110011111011
101000111111010001
001100011011001110
101111001101000101
000111001011001101
110011011011111100
011000110011011111
001001100000111110
010010000100111110
100111111100111010
101101010110101100
001110111001110011

0100
0011
0110
1011
1011
1011
1001
1101
0100
0101
1001

01100101010
10111000100
01010010011
00101110101
00101101010
01001011011
01111100000
01011100010
00010001010
00110001010
11101100000
10010111010
10001100110
01001000000
10110000011

010110010
110001000
000100010
100101111
100010001
010010010
000011000
100111100
011011001
111011010
011001110
111011010
101110000
011010111
101100000
111000000
110100000
111001000
010100111
000010010
001011100
100011100
001111100
010100110

11000000101011011011
00101000011000110100
11100011110011111011
01010001101111000110
01001010000011010011
10101010111101101001
01001110111100100010
00110111101111111000
01110110010001101000
01011101110010101111

0001010010111011
1111011100111111
0111110011101101
0001001000110001
0010101101100100
0111000011011000
1111011010110100
1010101000011001
0111001001010111
0100110101111010
1111010001101111
0011010110100000
1000111000110100
1111011010010101
1101110111010011
1110010001101110

1110011110100
0001101110100
0000000001011
1110011101111
0111101101010
0001011110101
0100110000010
0101011001110
1011011110000
1010010101101
1111100110100

1110000010100010001
0001110101101011010
0010100110101111101
1010001111000011010
1110100000000100111
0000011000010111010
0111110011011110110
0111011011110011110
1001010000101010001
1000111111111010000
1010011100011010111
1010101110110100100
1011001100001000101
1110001011001010011
0101101000110000000

0000010111
0111010111
0000011011
0111011111
1000100001
0100011010
1011011100
1000011001

01000101001111
01111111000000
11111011100100
00110000101100
10101010010100
11110000111011
10110101100000
01110111110101
00111101000000
10100100111100
00110000101010
10010000000011
11011001111101
00111111111111
11000100011001
10010111111000
10111111011101
11101101011010
11101110001101

1111011110
1110000101
0100111000
1001011001
1111111100

011101111100
001000101010
100101101100
000111111101
100010110111
110010101100
000100101101
100011000010
111101001100
100101111100
001101000111
111101011101
001001111001
111111101010
000110101110
010111111010
111000011010
100100011110
011001101110
001010001001
001110001100
001110100111
011101000000

11111101000001010
11111110111111001
01001100010011101
00111011010000110

1010010111011001
0111010101111011
1101000011101010
0111011010001010
1100100111100010
1000110000100001
1010100110010011
0110110010000111
1100010110101111
1101000101110110
1011000111000010
0000001001010000
1001010110000101
0011011000101000
1111001001110110
0011100011000011
0111111100010011
0010010010001101
1111101101100001
0010000100010110
1000101001010110
0000101000011100
1011101110110001
0111110001001111
1011011110101010

00000000101100101111110
11100100101000101101000
10011010100000000100100
00101111111101101001110
00101001110001111010101
11011010001000110111101
01000111001011011000001
10000111011001011010010
01111001010100001010111
11110101101101001001001
01101001001110110100001
00110100001111100000101
11110110000101001011110
00001000001111001101010
00011111100011000101111
10111101101101011100010
11110111001111010001011
00101100110111111001000

10100010100100110001
00010011001111110100
01100001011001001001
11001101111011100101
00001101101010100010
00111110111100001110
10110111101001011000
00111011000001100111
11010101000100000011
11010001101100110010
10000011110110010010
11000001111001000011
01010111000110100101
00110011111001010111

0110111
1100010
0000101
0011111
1111111
0100100
1011001
1011101
1100010
1111101
1001101
1000110
1000010
0010101
0000001
0010010
0111000
1011110
0100101
0011110
0000010
1001001
0000000

01100011111011101
11101100100111110
10111111101110100
01101101011110010
00111000001010110
01001111101001001
01000101101011011
11101000110111111
11000011000010010
10111111011010100
11000000000001101
10100100100100000
11010011111011100
00111111101011011
11111100100000110
11010101111010000
11010010010001100
11001010001011011
10110010010101101
01010010000111011

001111
111001
100100
001010
000110
110101

1000
1100
0000
0100
1011
0011
0010
0100
0101
1110
1011
0010
0001
1000
0100
0001
0100
0011
1011
1100
0110

000001110101110111
001011100000001111
100100010101011011
011101011100000101
100110010100011001
001100000010010011
011111010100010110
110011111000110011
011111011101100010
100010101101001010
111011100111011000
001011111101001001
010011101011100110
111100110011010011
010110101000011001
011100000101011101
100100011101011111
011110111010100101
011000100001111001
010000000100001001
101001110000011111
010001001101101100
001111100101101101

1111101010000000111000011
1101100111010111110001100
1100000101001101110001010
1110000111001010001100110

0001000100000110
0110110000011010
0110000010111111
0111001111110001
1111000011000011
1100111001100011
1000101011010100
0111111001110011
0000101010100111
0110000100001110
0111110010011111
1001111011001000
0011010010100000
0101011001011100
0010011001011011

000
011
101
110
100
000
011
000
000

100000001100
110101111001
110010010010
100100100011
001000000001
000011111010
011101111011
100100100001
010101111000
000110110011
011101100000
001110010100
111100010010
101100001010
110011111000
001100100110
100110001011
011101111001

1111
1011
1100
1010
0111
0010
0100
1010
1000
1101
0011
1011
1110
0111
0110
0110
1111
0100

010111011000
001100011010
100001111100
110001111100
101000100011
101100011100
000110001110
011101010101
010000111111
100001000101
111000110011
101111001001
000011000110
101011001011
100101110110
101001001100
101011001100
000010100110
011011010100
100000010011
011011010110

1101010100101100111111
0111000010000000000111
0010011011100111110100
1100010000110110000011
1100001011000101101010
0111011100100010000010
0111010111101100011111
0100010000010101000011
1101110100010001111000
1000110000100101000001
0110101011100110011000
0100111100110110100100
1011110100000011101110
0001101110101101100010
1111111111011001111011
0110000100111110011001
1100101010100101100110
0110100101000010111101
0110000001001010111110

0010000101010
0100100001011
0011101100101
1000010110111
1011010101010
0110001001001
0010110111001
1110010011011
1110010011111
1110000111010
0111101100011
1110110000110
1001101011110
0111111110101
0001100100100
0111000001111

001101011000000110
110101011000111100
110001101110001101
011011000111011000
100101100101011110
001101100001111111
000011011011111110
001011100101001111
101101010101101010
100011101110011001
110010101000001111
110001111001000010
111111001000111010
100111100001001100
110101101011110011
001011000000011010
001010010000001011
000101000010111000
101101100000000101
011010111011101100

111001100001100
101010010001001
110011110010110
110110000111110
110010011010000
010110100000110
111101111111111
010101011000111
110110101100100
100000101001011

11111010101
11000111100
10111001111
10010010000
11111011100
01000000000
10010100000
01011110100
00011100100
10101111101
00010110011
00011011011
11001001011
00011001101
00111010111
10011000011

011100
010100
100011
101010
010101
100010
011110
110100
110001
110110
011111
000110
110011
001011
001101
101001
011101
000011
011010
011001
110000

10111100101
10000000010
01111111001
11010110100

1011000001001011011100
1011111010111011011001
1000010011110100000011
1110101000000101010011
1100111000010101011011
0111101100000101100010
1011011001101110111000
1100110001000000000111
0100010000101000010001
1110101110001100001001
0011010011100011010001
0000111110100101111000
0101000010000110011100
0110100000101100011110
0010010000100011100110
0111101010001110000000
0000011110101010010101
0011101011101101011100
0010000100101011101100
0010101000100100100110
1100010110000000110111
1000111111110111010001
1001000000100101000011
1011111111010111010100
1001011010101000010010

00010001010010
11011010100001
01110100101110
01011101001111
01110100100001
11100011100000
11010101111101
11100000110110
00000010000000
01110010100100
11001101100101
11100110011001
10011101011101
00010110111111
10000001001110
11000001101100
10101001010110
01000001010001
11001101111000
11011110011110

10010101
11110110
01110011
00000110
10111001
11110100
01110001
10010001
00011010
01010110

000010101100010011
010111111111000011
011111101001000001
001011111100011111
001110011001110001
110111011111110010
011101011001101111
010010110110000100
110011111111000111
000011001100110101
011000010011010001

11010011
01000001
11100010
10010110
00011000
01111101
00100110
11101001
11000001
10001001
10111001
01101100
00110011
01010001
11010100
11100001
01111111
01110001
00000110
01010110
00111010
01100000
00100011
10011011

00011101000001
00100100100010
01010011011100
01000111011010
10111000100111
10001001111000
10100101110001
01010010111110
01010101111000
01001011000011
01011010111100
11000010101011
01111010111010
00000110111001
01001011010110
11101100010110
10110010100010
11010101010110

101001111001111100
110001010011011011
000101101001111011
110010101101101101
111111011111100011
001101111110111100

010110010
001001110
101010110
011100010
110110000
001111111
100111010
100001011

11000000100000000000011
10000110011100100010001
11110110110011011110110
00001101001100000001001
10110111100110000110110
10000011100100100111100
11101100111001000110011
10110000110101110000001
00001000010111100001001
01000000111000100000111
01111000001110111101110
10111101001100100001001
00101111101001010101110
00001011000011011111010
00110011001111111001110
11000000001101111011000
11111010100111110101100
00100000010101100111101
00111010111100101100001
10000111101100100000011
11111100111011011100110

000010111011
110001110110
110110111100
011111111000
110100101111

1111
0110
0010
1010
0011
0010
1101
0111
1011
0100
0110
1101
0000
1111
0000
0111
1111
0010
1110
0000
0111
1010
0110
1110

110100101
111001101
001111100
100010010
011001110
001011110
100110101
011001010

00011011000
11101000101
10011111100
10110011100
00111100100
10111101110
00111101111
00001101101
11001111100
01101110000
01011101101
00000111101
11000011001
10101110000
01001110011

1011010111010
0100100100000
1111010110011
1100111001001
1011110011110
0000000110010
0000011101111
1101100011100
1010101011111
1010011011001
0110100100011
1111010000010
1101010000101
0101000101011
1101001111010
0000000010010

10101000101000
11011001010000
00110000110100
10000101010011
00001010000011
01111100101000
11010000101101
01011101000000

0101100000001011111
0100000011000100000
1011000101001010100
1000100011101101110
1010010110101110111
0111010100100010101
0100001101101001101
0110001000101000100
1100011100111111100
1001101101110011001

00000
10101
11101
11001
10110
10110
10011
11011
00010
01110
10010
01100
00101
10010
01101

00110000010111010
11001110001000111
11111101110111000
00111101111110110
10000111001100010
10110010010010100
10011111101101110
00101010111011110
01000000100100001
11001000000000000
11011001100110011
01110101000001010
00011101101010010

0001100000111100
1101001000100010
0001111001110000
1111000001001111
0111011101110001
1110100000101100
0110010101001111
1011000100000111
1100000110101100
1111110000010000
0010111011111001

010110010101100000010
111111101010011011001
010100000101110011000
100000010100011011010
010110001001101101001
001101001110100011110
011111111001100111100
011011100100100100000
000111000110000100010
100101000101101101011
001001011000010101101
101110110011010001000
000101111011101001011

1000010111101
0000010000101
0111000100011

001110010
101110110
001101110
101100001
100100010
011100001
000100100
010111111
010000111
000110111
010100000
001000100
010011010
011110100
011011011
001100100
001000101
100001110
001001010
110001001
110011011

01110001
10010110
00001100
01000011
10100011
11101100
01010010
11101001
10011111
01101000
10010011
00010100
11000011
11000101
01001000
11000100
11110001
11010110
00000101
01110010
00111100
00101000
10010010
10001101

0101111010100111101001
0001100110001010001101
1111000001011000001101
0010111100010111001000
0010011011010001000001
0011100101110101011100
1101001100001100010001
0010000110100000110001
0010000100000010111001
0011101100110101100001
1011000100101110101100
0010111001100011001010
1010110000100101100000
1111111101111001010110
0111100110110110101101
1111100100010110101010
1011111011101000100001
0111000110111011001011
0111101010100101011010
0011001001011001001011
0100010101101001001000
0110001011001101010110
0000011110110001001110
0000110100000011000000

01110100000010
00100100011100
00110001111111
00111111101010
10101101111111
01001111010100
01011100100000
01110100000010
10111100110101
10101111011100
11001001101000
11111111101000
01000110010010
11100111001011
11011110111101
10000001110011

110111100010010101000
010110001000001011000
100011001011001010001
111010111100100110110
001100001110010000100
001011100000111010100
010111010111010000100

101001001000111
110010101000001
011111011001110
010111001111110
111101000000010
000110100001010
100000000110001
000000001000111
111000011010010
101100110010010
001000101001111
011000011011100
100100101000001
110011001111010
100001001011101
010011000101110
101011110001110
110000101001111
110101000000111
111010110001001
000010100110111
011111010000100

01100010001100000110
10100000101011100000
00010001101010000110
10000010110111010110
11100010110111001000
00010100101100111111
00010011001100010100
00011111011101110001
01110001010000001111
00011011010000110101
00111010000000111111
00000111110011101000

010101111101100101
010001110011111101
111000010000010001
001001100001001001
100100001011000000
110100010110111110
111011100111101010
111000110000000111
100001111111110100
101111111010001111
101101001001100001
011010001100010100
111111010001011110
010101101010100000
111001000101000110
100101000101101100
101010000101111001
011000001110011111
110000011011110001
000010110010011101
010001100100011110
100101101001100000

11011111000111000011011
10001011101101110011001
00011101011110111101111
00010001101011100110000
10101000001001000110011
10001111010000110100110
10110010000001001001110
10111111100011001100011
11110101110101101000000
00110111001100001000100
01001011101111101010010
01000100100000110010101
11011111000110100100101
00101110110100100011000
00001001110110101110000
01111010111000000110111
00001111000100011000001
11101101001000000111111

110
111
000
001
100
010
000
111
001
010

11101000110001
01011010111111
00000010011011
10000001100000
00111111110011
11100100010100
11111010111101
01110110111011
01010110101101
00010010110100
11100010101000
01011101100101
10101000101100
01000001001110
10101101011100
00000100101010
10000011100000
10011111010011
00110111000101
10101011010110
11011000101010
00101011011011

100111
111000
010001
000010
100111
111001

00110001100
10111000101
00111001011
11110010010

111111101011001
010000001100101
001000000000100
000001001101100
011011001110000
010110100111101
011100001100011
001000010001010
110111001110011
111110011100111
010010111001010
011110100011000
100011011000010
101111110011001
010011001101010
000100111001011
010010110100011
100110010110110
000010100110111
010011000111111
101111011100000
101010100110000
101000010101101
100000010101100

0001000
0110010
0100100
0100110
0101010
1100000
0010110
1011000
0110011
0100111
1101110
1100110
0011101
0001000
0111010
0001000
1110010
0101101
1101000

0000101
1000111
0010100
0010110
0011010
0111110
1101000
1000011
1010001
0110101
1000100
0010010
0000011
1101100
1011101
0100001
0100111
1100110
0100110
0010110
1010011
0011001
0100101
0011110
1100100

00111111
11101010
10110111
01001111
11011111
00110000
11101001
11000110
00010010
01100011
01100000

1100111
0011101
1010010
0100110
0111100
0011000
0111101
0101110
0011110
0110001
0101111
0100100
1011011
0010010
0001111
1000001
1000001
0001010
1111001
0111111
0001011
1110001

001110111001000101101
000110110111001101100
010001101011001110100
001000011111110100111
101000100000010110010
111101101001011000000

001110111010000011101000
110011110011100100110101
100110001111111111010101
111001010101101001100010
101101010101111101010000
011001000001001001011111
110100011101000000111100
001001010101101100000100
100100010000010011101111
001001011111001001100111
011011000111001010101000
110100000101110000001110
010001101010000000101010
110101100110110100110010
111010010111100111011001
101010011010011110110110
001011110111011000100001

1011
1000
0001
0100
0111
1111
0001
0011
1110
1010
0101
1000
0001
1101
1111
1101
1101
0100
1011
0001
0101
1100
0011
1101
0111

010
010
001
111

011111111
100001110
001000000

000
011
000
100
011
111
001
111

0111001100000100000101011
0001110011000011001110010
0101010100000001001010011
1001001101101101011011010
1111010010101010111000010
1111110000000011100011011
0011011010011111011010100
0110010011011010110110001
0001100010000101111011010
0111001011010101000000111
1011100100101100111110100
0000001111011110001001011
1111110100000100011111111
0001011111010100110100111
1010001000101011011110010
1010000011010101001010000
0001011011001111010000011
1110100100110100011100001
1111010001101011001010110
0000101010000101101010011
0010110010001101111011001
1011001101100100110110010
1111100000010011101110001
0011110111001111101011000
0011001100100110100100010

1111110
0110001
1011110
0111101
1110010
0001110
0101111
1001100
0011001
0110100
1111110
1010111
0111010
0101010
0010001
0111011
0101100
0100110
0010011

111
001
110
010
001
000
010

01001100000
11001000111
11011100010
11001100011
00110100110
00011011000

101001000
000010111
000001010
101111010
000101000
010011101
110100000
000011001
101011010
101111000
010110111

10011000100
11011010010
11101110101
11011011101
11101010011
10100110010
01000100011
10001100000
00110010100
01101001100

10111101100011
11101010000000
00011000001001
11111010001001
01001111101101
01010011111010

100010000000011100100001
011011001100101000101010
010001110001010001100101
110000010010111001011101
011000000101111000111100
000010010010100101010101
111001010000001010000110
100100101100101001111100
011110011100010110100110
000010110000100110110000
001100111001101111111111
011100011111111110110110
001000100111000111100100
010011100110111000101111
000111110111101110111010
010010001000111001010111
110101101100000101001110
110001101000010100000001
110000101010010110100111
001110000100111101111010
110010111111001111110010

11101101100001110111
01011110101001100001
10111111000010110000

010101100001110010001111
010101011101110110011001
110100110111001111010100
001110111111000001001100
000010101111110000000111

111
000
010
111

0010010111101111011101100
1011100101101100110011110
0001101101010010100001100
1011011000100110001001100
0110101111010100001100001
1100110100000010000011100
1000110101111101011000111
0111011010111101010000100
1111000111101011101000000
1010100111000100100011101
0000001110011010110000111
1111000110010101011110101

01100100100111
00011111111000
11110010010110
00111001010011
11100100110111
11010101110100
01011001111001
00011000011011
00111110110100
10010011100101
01100010100001
10100110100111
11000100011001
01100100110010
10111100110100

10001011110001
01011110001101
01100110010011
10001111010011
01011111000101
10010111000110
00000100110111
11100101101100
00101011111100
01101011001111
00111100111111
01100111110010
10001000001010
00011111101111
00001100011011
11111100101011
10110001011001
00110111111001
11101111111010
10011101011111
11101011111101
10011001010011
00101111010001
01110000110111
00100010011100

11100111
00011010
10001110
00000111
10000100
10000001
00101001
11100000
10110010
10101110
10100001
11010000
10000011
00100000

1010
0010
0000
0011
1100
1111
0110
1011
1111
0100
1111
0011
1110
0000
0010
0100
0000

111100111
000101001
101011010
111010111
110110110
000001010
101110000
101001001
101101000
100011010
111010101
100000100
100100110
011011010
011111101
000011000
011001111
000000110
000011011
011101001
100000100
111111001
110101101
000001001
101001101

0001101000110
1001011111101
0010010111110
0001100110100
0101011100010
1011100011110
1011000110011
1001011011001
0100101101011
0001100110011
1000010000000
0000001100000
0110110010100
1100100100010
1110100111000
1000000011001
0010111011111
1111100111101
1000101100101
0110111101011
0101010111100
1100001010111

01000101
10001110
00110110
11000111
01110001
01100001
01011110
00101110

001011110011000
001000100011110
110101000110110
011100111110010
011110101010010
001100010000000
011111110100011
110000001111100
001001111110100

000000111110001100011
001100100111100111110
011010001010110100100

11111000110110011
01100101111000111
00010101101100111
01101111010110001
01101110100001100
01000101100110000
01000101000001111
10110101000010000
00001000011101111
01100010010100011
11101111100011110
10011010011000101
01011101101101011
00101100000101100
01010100000011101
01110101110000001
01110000000111101
00000100111100000

111101
001011
000000
010001
010010
000010
000011
101000
111101
110110
001111
010011
011000
111001
111001
001001
111111
101001
111000
011010
110100
111101

01111110101010
00001100111100
01010001000011
10011000001101
11001100111011
10100010110001
00011110001110
11111001111100
00101101110111
10101011100010
11000010000101
01010010111100
00010010110110

1100011101011001
0101100000011011
0011011011010011
1010010100001010
1111111001010000
0111010100101111
0001011010100111
0101111011001010
1001111010011101
1111110100101010
0111010000110100
0101100001101110
0001010100101001
1000111100001000
1100100111100101
1010111011001010
1100101111110001
0110111001111000
0000101001111110

101110011001100010100001
010101010010111011110001
101111111010100111000001
100100001111110011100010
011100111010111111101001
110111100100000101100001
011010010011100001111101
100101110011000100011100
110101101101111010000110
101101011110100101011000
001111001110000010100110
010010100110101001110010
100001110001110001001010
001000101110101000011010
011010000101100011011010
010101100010111111110101

0000
0101
0100
1001
0100
1100
0000
0110
1001
1010
0011
0011
1110
0111
1000
1000
0100
0001
1001
1010
1110
0110
0010
1010
0010

10101101110
11111010101
00001011111
10100101010
11000101110
01011001011
11111011111
11011000011
01110001011
01000111010
10100001100
01011101101
11000101001
10000011010
10100101101
10001101001
11111111111
00110100010
10110001101
11111011010
00100101001
10100011011

011110011101000111
111000011100100101
100000000010101011
001001101000011110
101011000011011100
111100110000101001
010000100110100100
010000101101110000
110010100001101100

111
100
110
011

011011001101010110
100001100100101010
010100110100000111
000001101110000000
111110110010001111
110000000000100011
100011100111001101
101001111001111101
001000111100111011
010001011111000010
100001110000100000
011001010111011101
100010101000001001
010101000011110010
101110011110010010
001110010110001000
100011110111110010
111111101100010110
011011110000001100
001010011010101101
110001010100111000
101001100000111101
111001111000101101

011001100011101111
101000000111001111
010011110111100101
010010001000011010
000100110001010111
110100100001011110
001010010010001110
110011110110110011
101110001001100001

0000
1001
1100
0000
0010
0011
0100
0111

00011
11011
10000
01100
11100
00100
00101
01000
01011
00110
10100
01000
11100
11100
00010
10010
00001
01100
11101
10011

010110001101010
101000000011101
001001110101001

001000110001110000011000
111001100100001001010100
010100110000011110110000
101101001111000111011111
000011000101111110111000
110010001010101110000000
101101111000000110010111
011000011110110000111111
110100110100010011011100
110000000100110000000111
111111010110000100111100
110110101011111010010011
101111010110010111010111
110100110110110011111100
100110110000011100101011
011001000001000000011110
010010101011100011101001
100111110100010100101001

00001
00100
00001
10111
00100
10100
01100
10110
00010
10100
11111
00001
10010
11101
01001
11100
00111

1011
0011
1000
0001
1011
0001
1111
1001
1100
1101
0111

001
110
101

11010011
01000011
11011110
10011110
00111010
01011000
10101001
00011100
10001001
10100110
10110011
00110011

00111010010000011
11001100111110111
00000011111010001
00101100100000111
01001110110000100
10110100100011101
11111001101000011
00110001010100110
10101100111001101
00110110001000010
01101111011011010
11111000000010111
00111100010110011
01001100000001100
00101110001001010
00100101101101011
11101001101011111
11011101100011010
11010101010111010
10111111101101111
11101010010001111
00100001101000100
11010000001000011

00001001011000010000100
11111111110000000101010
00100111001000010000111
10101110101101101101101
11111110100011001101101
01101001101000100100010
10011011001110110000001
00110100110101100101111
10011010011100011111111
00110111101001001001101
01101101100001011101100
00000110010011100011111
00001110010001000110110
11100000010011010101111
11101110101111110111011
11110111100100100111001
11111001101101100100111
10111100000101100000111
10000110011111100111100
01100110000101001111000

001101011
101110101
001000010
111010001
101000100
111000100
110010101
101110111
111111010
000011100
001101010
011110000
000011010
110111011
000111100
110100110
001110101
011010001
011110000
010101011
010000110

001111110011000100011000
110110111010101010000010
111011110111100100011101
010001010101010011101000
000011000011001010101111
011010000110111110000011
111011111001111100001010
000010100010110011101000
101101101111011001111110
100010110000111010110000
100000100000001101100110
110101000011110100100100
100111001010100011101111
001010011101010010111111
011110001101000011101110
000101100000100110110001
100001100010100011010010
000011100011000000101000
011110100011110111101111

100110100110111001
100001101001111101
111100100111010101
001101101001100000
110010010000001010
110011001000010100
010111101000101110
010100001010000110
011001010001101011
011011010110110101

000010001100011110010011
110000111101000111100111
100110100110010001011001
001000110000011000000001
010101010101110100110111

10100111110111001
11010000100000110
00001111110100001
10111110111111010
10110101100001101
10011110100110101
11101101110000101
00010000100100001
01101010010100000
00110010100011011
11111000101001010
01111001000011101
00100011011100010
11011100111011010
10111110010001101

0100110
1100111
1001011
0001001
1101010
0111001
1110101
0100110
0011100

000
010
101
001
000
100
011
101
000
010
111
001
100
010
100
110
010
100
010
011
100

1101010101110010
0000101011111010
0111111111000010
1000001110001011
1100100001101100
1011100110101001
0011111111110001
1000101010000101
1001101110010110
1101111110001101
1000010101001100
0101100110110011
1100110001000100
0111001101101011
0110110111101101
0110110010010101
0111110111001010
1111010110100010
0010110011111011
1000100010010101
1011011110001010
0001110011110101

10100
01111
00011
00110
11110
01010
00110
11011
11111
00101
11010
10100
10001

000000010111110101
110000011011100011
100110100010011111
100101110010110010
001100101100001110
110000101010010100
010000011111110100
111110110100000110
101001111101101111
111010110001111101
000011100101000100
000011011000000100
110101010010101000

1110000111
0001001100
1110101000
0010110100
0100000100
1101101100
0111111100
1001000000
1011011110

00001001
01010011
10110101
11100111

111011111100111
001000010100111
111011100010000
110000110110101
100010001000111

10010101001011
00000000111110
00111101100010
01110000110101
11110110010100
01101011111011
11101000011010
00111000101111
10001011010000
11101001011110
01011011011000
00111111101111
10010010010000
01111110110001
10101011000101
10000011110000
10110001010101
00100010011001
10111110101000

1101
1111
0010
0010
1011

001110001
000100110
010111111
110110111
111100100
101110001
011100100
111011001
000110111
000110100
010010111
011110110
011011011
111100100
100010011
100010011
010101000
000111001
000110100
011010110
111010101
011101000
101110011

001111110110
101010100110
111010001100
011001000110
001100111001
111011001111
111110100100
111101000011
101001010100
001110101011
001100011110
001001110011
010001001111
100110011110
000101011111

0100111110100110111
0010011100011001000
0010101000001110010
0100110000000100001
1111100011101010011
1000100111000011111
0111110011011010101
1011100001001001001
1110010111100101011
1110111011100100100
0011001000110010110
1101001001010010110
1000010001111101110
0011101010110101111

010000
000100
111000
011000
101001
110101
010100
100000
111000
100111
000110
000001
000100
110110
000000
111001
100101
110110
111010
101011
000011
101111

000100000000111100001
010000010001100000011
010101000011110001101
101010101100100100110
100011000000011000000
111100101101111111001
100001010000011011110
011110101011001100101

0101
0100
1010
0101
1101
0011
0110
1110
0010
1110
0100
1010
0001
0001
1001
1110

010011010000110
100000000000000
101001000111010
010000101111010
100011001011100
010111011000110
101010110000000
011111001011001
111110000010100
101000000110010
010001100011000
101001111000001
111101001101100
011111111010011
111001011000101
000011110100110
001100000100001
100100110011001
001011000000010
000111010100101

1011111101000
1000011110101
0100100100010
0001010100101
1011111010011
1101010100100
1010000000000
0010000100111
1101111000011
1100001111110
0110110001010
0100010000010
1010111011001
1110000101100
0000001011011
1110111101001
0100101000011
0010100101010
0010111101010
1011110011111

000010101000
010001111110
011010001000
010110111010
010111001111

10111110111000
10100001110101
01110010100001
01110010100111
10011010011110
01100001110000
00010001110011
10110001010010
01101111110100
01001111110111
11111101100111

1001000100000100001101
0100101100010100011001
0011110110100100000111
1001110001111000000000
0100010111010001101111
1000100010101100011101
1001010000111111101110
0110100011011111110111
1001101101111001110110
0000101010001110011001

0010001001
1100100011
1011011011
1001100010
0001110001
1011110101
0011101101
1110011000
1000001110
0110011011
1001000010
0100011111
1010011101
1110001110
1110010100
0000001110
0101001110
1111010001
1011000111
1101100000
1101110100
0010001011

10010
11110
10010
11001

100110110011011101101110
010000101100111000100100
011001011001011101101000
110100110101100001111001
000100010011101101111110
111100010011100111001011
111100010101001100101100
010111111101001111000011
101011110011011000101010
001001101100110000011000
100110111010111110101110
010011101001100010110101
010110000011111011000101
110000011010111001011001
101110101000011011001001
001101100001001101100110
110011110110001111001001
111001000000111101111001
100100011101101011111011

100100100010100000
101110000101111101
001010100000011111
111101110101010111
110111111111101001
100110100111001100
100110111001110110
011110111100111111
111011011100011111
101111000110110001
111001100010111111
110011100100100011
101010111011000101
000010101101000100
100100011101111111
000011011000001001
000010110110111110
001010101011011111

011010101111110
011011101110110
000011100010010
100010010011100
000011111111010
110100001101100
010011001001000
001010101101111
100011101111000
001010111111111
111110000001001
110111010110100
001001011000101
111011101110101
010110110000100
010110001011110

